image: mymap.pgm
resolution: 0.100000
origin: [-8.000000, -1.200000, 0]
negate: 0
occupied_thresh: 0.65
free_thresh: 0.196

